29

O 0.8914804260240561 -2.482585217360452 -0.15651822586350012
O -1.162971750522991 0.3033158444505519 -1.9990094527621127
O -5.201059583101964 0.3987946701226622 -0.08076538823685919
O 0.17439221858439646 1.9342594389592294 0.5354608953612048
C 1.1321148924878246 -1.3330733697820272 0.006339107601975627
C -1.2303565808548216 -0.5855628611218588 0.21731690037869017
C -1.9931401174153978 -0.18449380562565845 1.478189328998213
C -3.473920137959446 -0.4990070546069436 1.2953835096330713
C -4.054621975861731 0.11115454717632328 0.04223993157320597
C -1.813585022976649 0.05914100827053991 -1.0362417537617659
C 2.450227216921283 -0.6385091770081508 -0.018768318323862086
C 3.7184765986578037 -1.1464088904896261 -0.21403347339318868
C 4.774304530319368 -0.23996336428293588 -0.191255892967945
C 4.552781097908332 1.1201421202084967 0.01908455888255965
C 3.2682145921587145 1.6190523796981013 0.21392683358712
C 2.2306973341660505 0.7094676215587838 0.1898113209392249
C 0.7652933041741518 0.9212197246384919 0.3583405168244921
N 0.1903096333383387 -0.34441972499746104 0.28219764447340573
N -3.1682752738162443 0.3024183937831962 -1.004186338654445
H -1.334536312663859 -1.6612497324117075 0.06830171156373413
H -1.5931095836199016 -0.7339240246841064 2.3300242542885705
H -1.85123879356449 0.8777892503771951 1.67304851594074
H -3.6301960993644244 -1.5795896258279107 1.217426611635054
H -4.075580407054607 -0.14968118899031727 2.131210887848721
H -3.5572732398331475 0.7015932798775348 -1.8383674486990609
H 3.879016410776767 -2.201759408215247 -0.37944850084241966
H 5.785345147552166 -0.5934550077087178 -0.34133651822086647
H 5.396015706310724 1.797320675354981 0.028321616874894418
H 3.085449423404449 2.671529126169604 0.3743863549235539
