[-2.6437184468, 5.7013631167, 2.6577240957]
[-2.4919775792, 6.5659430901, 2.5149013524]
[-2.432409522, 7.2884342545, 3.4649018164]
[-2.3319151145, 8.5254003888, 2.8739436006]
[-2.3054598519, 9.393045149, 2.922730935]
[-2.2798364201, 9.305002252, 3.3094822666]
[-1.7991750215, 9.4657615222, 2.6719820097]
[-1.4818798708, 9.5313689135, 2.9724248992]
[-1.3559844936, 9.2177938591, 3.7915630839]
[-0.7935206981, 9.4589488525, 3.8855224794]
[-1.0954786858, 8.7002404249, 4.490714012]
[-1.3337835919, 7.4840658034, 5.0540471905]
[-1.1855754291, 6.9505317387, 4.362156026]
[-1.6309709365, 6.0810452037, 4.5125453391]
[-1.409884601, 6.0559636606, 5.0449251392]
[-1.2802644, 6.3632825096, 4.5848470467]
[-1.7586634894, 5.8778481524, 4.9850759499]
[-1.5128773164, 5.7831502207, 4.7971517631]
[-1.5594751022, 5.6050798386, 3.3792183824]
[-1.5793938529, 5.3003428839, 3.6821223191]
[-0.4405557631, 5.6299686764, 3.7209061794]
[-0.0694262412, 6.1984100533, 3.5481815928]
[0.6223386598, 6.6005143327, 4.7790000849]
[1.6736518201, 6.7462484437, 4.4571026661]
[1.737013758, 6.4384313888, 4.0242424306]
[2.3412020347, 5.6483654134, 4.941771025]
[2.9917185767, 5.066715554, 4.333430767]
[2.9258577477, 4.908190331, 4.9040790083]
[3.698881914, 4.8151844713, 6.205308418]
[3.5597658006, 4.7920866159, 5.594398701]
[3.016454989, 4.3659513102, 5.9340133444]
[3.0861331187, 3.8383411114, 6.268213793]
[2.5768175545, 4.2351082695, 5.2853840844]
[2.3659368274, 4.7016152079, 6.3069564686]
[2.528376765, 5.5296770451, 6.7652578054]
[1.8892255339, 6.7594181684, 6.4575820768]
[1.7095285593, 6.4502490266, 7.2297802317]
[1.424349974, 6.2452425434, 6.1501794099]
[0.6985100602, 6.6830976799, 5.1822969551]
[0.5498739846, 6.1100859046, 5.8621841245]
[-0.2910554254, 6.7678840324, 5.2250195679]
[-1.0157900252, 7.3927583944, 5.5465034569]
[-1.2965821515, 6.4379561598, 6.0723635043]
[-1.9705221425, 6.49360478, 4.7977730752]
[-1.7488075153, 6.1513035916, 4.8095919218]
[-1.4387964461, 5.0149746419, 5.1654775403]
[-1.6641059638, 5.5881076231, 4.7094423899]
[-1.1197023118, 5.4058132434, 5.8247416964]
[-1.1524434658, 4.5841429769, 6.02943176]
[-1.0247785378, 4.7988383903, 5.1405293193]
[-0.4419166712, 3.9041274278, 5.6816719889]
[-0.4983188404, 3.1324921901, 5.2385349795]
[-0.0866491437, 3.7802960518, 4.6605417249]
[0.0960906485, 3.7228746764, 5.2891019016]
[0.1397954256, 3.9114217396, 4.7837193521]
[0.5255917189, 4.6171817691, 4.2368671167]
[0.0064922144, 4.4971177761, 4.4685854043]
[0.0984557545, 5.1431238047, 3.8755885686]
[0.0549647229, 6.2037444463, 3.9393364043]
[-0.9732596604, 6.3216532118, 4.7651466988]
[-0.4722667966, 7.1344002783, 4.678385244]
[-0.8762333217, 7.4523761992, 4.9246100225]
[-1.7815825326, 6.6868394328, 5.267352744]
[-0.6895659563, 7.0991575689, 4.7276024026]
[-1.1017417585, 6.7858272016, 5.0945053305]
[-1.1628611119, 6.0393110264, 5.2706332289]
[0.7485096184, 6.282789702, 4.9495111066]
[0.0178248355, 5.2281546907, 5.2591878023]
[0.2641101524, 4.0571517951, 4.5576691829]
[1.3769001939, 3.6442998277, 3.5718796306]
[-0.1398924313, 2.6336499914, 3.5511168986]
[1.1077828507, 2.8405048964, 3.1430689527]
[1.7593490088, 3.6287306471, 3.6776606913]
[0.2627033995, 3.6451888881, 4.8945208797]
[1.5576433117, 4.2555380988, 5.2405223851]
[0.796096795, 4.3646089837, 6.0385461031]
[-0.2741215277, 4.2459488201, 6.8443494018]
[1.7413161511, 5.1399369184, 6.9327115786]
[0.6079892912, 5.7481700667, 7.9950158227]
[0.4087208416, 6.1511254944, 8.7305466645]
[2.0038628994, 6.5031933071, 8.2078426732]
[0.4767354878, 5.6592111893, 8.0136450278]
[1.0523429186, 4.7366885478, 7.4859920836]
[2.1184967809, 4.1500957403, 6.4238211142]
[0.4882346572, 3.4047187825, 6.3514589504]
[2.1065153937, 3.4200892785, 6.0777589195]
[2.9165922685, 3.803466753, 5.2301819348]
[1.7699375256, 3.3920365427, 5.1235446381]
[3.2561740261, 3.9064642498, 4.7350111614]
[2.3542249314, 4.4776761185, 3.771434267]
[0.6470637105, 4.6836881834, 4.0525811152]
[1.6765109112, 6.0594440436, 4.4946835255]
[0.3193174166, 6.6755747186, 4.3837170617]
[-0.443120598, 6.3144272478, 5.2162471078]
[0.36446548, 6.5140936319, 5.0776084175]
[-1.1830179987, 5.7005514791, 4.1196085297]
[-1.0294556636, 5.1437767807, 4.8541284884]
[0.0198774038, 5.2986183773, 4.5927515558]
[-0.5255349622, 4.5106193394, 4.0590730398]
[0.2611547515, 3.9985853453, 4.7550574119]
[0.5637270094, 3.3492175485, 3.554412387]
[-0.5384964068, 2.2439993499, 3.0070143941]
[-0.0101906361, 2.5259145194, 3.7724594871]
[0.2528021288, 2.9321541684, 2.7251879456]
[-0.0191953784, 3.3312593357, 3.5239216718]
[0.589713024, 4.0853625791, 4.3017751931]
[0.2131731294, 3.8993300386, 3.1871018331]
[-0.5131851551, 3.6905538955, 4.3720914825]
[-0.3497949189, 3.6679935859, 4.484683482]
[-0.731788901, 3.2813402381, 3.9825893345]
[-1.0919150915, 3.1659916311, 5.995704617]
[-0.8909443336, 3.0138900875, 5.7781487545]
[-1.2003328688, 2.1183068928, 5.5172017163]
[-1.268509505, 1.4325333804, 6.3020220663]
[-1.033777045, 1.0980108284, 4.7607873221]
[-1.2641050335, 0.3208189832, 4.966339922]
[-1.0907680436, -0.0884822409, 5.5601755044]
[-0.6477690875, -0.2537516069, 4.402142432]
[-0.4045463872, -1.2924810852, 5.3572046941]
[0.0392558749, -1.9493147342, 5.2636683395]
[0.0280428794, -2.2999883063, 4.1580267654]
[-0.4743308306, -2.7523870668, 5.5322402078]
[-0.3917550244, -1.9442821375, 5.11971554]
[-0.1464155692, -1.1276522667, 4.842755689]
[0.0093509894, -1.0597886371, 6.7931634529]
[0.5969799277, -0.524187673, 6.0125574165]
[0.6239599078, -0.7792661216, 5.9648442465]
[0.087077588, -0.9453866472, 7.0035013433]
[0.06402532, 0.0776120619, 5.420110894]
[-0.3227827073, 0.3874519857, 5.8552768574]
[-0.461505064, 0.5252946158, 6.0388129885]
[0.0865216519, 0.1441786737, 4.5585338155]
[-0.0357387199, -1.0203589636, 5.0549877708]
[-0.2744752549, -1.887228969, 4.4544853358]
[-0.0822273182, -2.3273470134, 3.8509293624]
[-0.1894193422, -2.3408304676, 4.8066465686]
[0.2507384572, -2.4080282221, 3.8999422615]
[0.7177762478, -1.9125981317, 3.7604095233]
[0.5542860532, -1.5766468319, 4.077574331]
[0.6134627023, -1.0610182133, 3.3389393251]
[0.6739692975, 0.8158825428, 4.0654763277]
[0.5220367021, 2.0058902273, 4.5612909886]
[1.0845900347, 3.5661310822, 3.9951004474]
[1.4869066336, 5.4369081221, 4.3570549321]
[1.6200935007, 5.4740786638, 3.6651674679]
[2.2484103975, 5.7780032454, 2.8742415385]
[2.1396125389, 6.014013976, 3.0400972603]
[1.7643526619, 5.4722750346, 2.625800231]
[2.3147787775, 5.6563346965, 2.6307991201]
[2.5734530372, 5.2234020461, 2.8041749883]
[2.8166593116, 3.8589828715, 2.3145853673]
[3.834669635, 2.6921390377, 2.6145839897]
[3.7239318345, 1.3799637125, 2.9885246392]
[3.232340188, 0.7021234288, 3.4500872055]
[3.5626993269, 0.607397947, 4.7166221814]
[2.8940204635, 0.545446866, 5.2772037078]
[2.5176382253, 0.5293007194, 5.463673018]
[2.7578349856, 0.3799991492, 5.7602618071]
[1.714671926, 0.2081645579, 5.2087846409]
[1.2469566379, 0.2510767566, 4.684125159]
[1.3045279283, 0.6986519659, 4.645978219]
[0.3549957311, 1.0145925702, 3.9781677869]
[0.2320896211, 1.0798251218, 3.1100244079]
[0.3182494121, 0.8688586967, 2.224178213]
[-0.0759192425, -0.0794876809, 1.4195050629]
[0.1829986662, -0.6027183793, 1.0448363937]
[-0.0263524465, -0.2659242797, 1.3447874483]
[-0.6814905324, -0.17172318, 1.5528354702]
[-0.2033449478, 0.3297490786, 1.7433204018]
[-0.2741524603, 0.6914981368, 2.0455683176]
[-0.0396825999, 0.2248189429, 2.2841582618]
[0.573262199, 0.4404629398, 3.0406613948]
[-0.1155909958, 1.0239222317, 4.4831748155]
[-0.2450766067, 1.3132064146, 5.1284328468]
[-0.075018915, 2.2338477966, 5.3809585533]
[-0.9662089521, 2.5221145914, 5.8657768832]
[-0.6305779436, 1.8651210738, 5.1426502213]
[-0.3114679939, 1.6806251098, 4.5972063611]
[-0.9692834108, 1.0461439768, 4.9148093081]
[-0.086302074, 0.5255504531, 4.2405442418]
[0.2134967311, 0.7052448034, 3.9197774507]
[-0.2615298334, -0.1803561082, 4.4045266508]
[0.700083503, -0.8931528565, 3.0839271267]
[0.7524354785, -1.4508830077, 2.5994120587]
[0.5407730871, -2.6343695174, 2.9162031867]
[1.6263056711, -2.300930044, 2.3061637853]
[0.8171588841, -1.7038607593, 2.9337985091]
[0.5200867969, -1.6146105048, 3.5704174639]
[1.0035389204, -0.3350767425, 2.6468797979]
[-0.0754721573, 0.2143378024, 2.9003125184]
[-0.2094582874, 0.378074018, 3.0979889838]
[0.2534561088, 1.7463910839, 2.7510529395]
[-0.8915083837, 2.3291621017, 3.646363397]
[-0.4585971903, 2.601245802, 3.8216686403]
[-0.0342372185, 3.2444658444, 3.4502595659]
[-0.9120796559, 2.57812573, 3.9660273544]
[-0.0229394901, 2.0315726477, 4.0068774194]
[0.2608735181, 2.087757515, 4.0203187795]
[-0.5957999171, 1.5195672688, 4.8830478445]
[0.2644223925, 1.8871336531, 4.6814033837]
[0.2041614304, 2.2988233377, 4.3989505961]
[-0.0501834205, 1.9293607085, 4.2362675278]
[1.2778755764, 2.4986994147, 3.262471236]
[1.0405002803, 2.69992175, 3.1588936746]
[1.0320634232, 3.1174494614, 3.7481102336]
[1.5866335276, 4.6582776864, 3.0209911157]
[0.8700118353, 5.4019959348, 3.589723155]
[0.9871553264, 5.993899478, 3.7164109667]
[1.4671209784, 6.4648084603, 2.242825685]
[0.6778511959, 5.7239083259, 2.7077125109]
[0.8230171487, 4.9873963347, 2.8831403916]
[0.4653260775, 4.1279401944, 2.5580100864]
[-0.3503090519, 2.5747549171, 4.2492323058]
[-0.3842889577, 1.4813519383, 3.9068485001]
[-0.7177550569, 0.5359538395, 3.1028386941]
[-1.2202403662, -0.6902442344, 3.8435706694]
[-0.9307387685, -1.1676496572, 2.4719809506]
[-1.2964267904, -1.2487114966, 2.7167192613]
[-1.5038602532, -1.4636202474, 3.441276604]
[-1.2747711611, -1.0220246345, 1.5868855719]
[-1.511490567, -0.8463290182, 1.7653721361]
[-1.2595007329, -1.0457467317, 1.696403918]
[-0.8733853157, -1.0097586502, 0.075845394]
[-0.7630662254, -1.0282564137, 2.0765163263]
[-0.3121855542, -0.7986231445, 2.4424295326]
[-0.2535448505, -0.939980447, 1.8486392432]
[-0.362943192, -1.5122653275, 3.9984561264]
[-0.3985253091, -2.3759495552, 3.3791898557]
[-0.6900601389, -3.757248295, 3.1304131669]
[-0.8353341261, -4.4554734725, 5.4730986074]
[-1.1615617034, -4.5186377827, 4.6770276592]
[-1.4079516307, -4.4497763878, 5.4758624725]
[-1.6688757562, -3.5708086832, 6.7261695376]
[-1.6248722357, -2.8060587567, 4.4166952353]
[-1.2395722692, -1.8246115546, 5.2011272673]
[-1.1343582557, -0.6520270816, 5.3615206503]
[-1.1848086552, 0.2849882164, 3.7367795539]
[-1.2385186095, 1.5866846682, 5.5137045532]
[-1.3135868546, 2.0895629655, 4.5459447993]
[-0.9608731521, 1.8193222719, 2.6359700905]
[-0.6669332562, 1.9274134415, 4.0104559669]
[-0.5956207641, 0.964369567, 2.389776014]
[-0.4901655755, -0.0285406291, 2.7717680869]
[-0.8396467778, 0.1421887266, 5.0351806466]
[-1.2035356911, -0.6001185915, 3.6373342581]
[-1.3682112397, -0.910184983, 4.1699277109]
[-2.006579139, -0.1183524914, 4.8304858611]
[-1.9195620497, -0.6034472602, 2.452615403]
[-1.4955134993, -0.1386260947, 3.5715901539]
[-1.8446181411, 1.0169414806, 3.989839406]
[-1.3668787373, 0.9716369899, 2.3636001395]
[-0.9942513862, 2.0923274681, 3.6542165223]
[-0.9586178444, 2.69719506, 2.908550102]
[0.3850586647, 2.2563762838, 1.6219066671]
[1.3322396748, 2.9497382404, 3.2994964075]
[1.3528759223, 2.7162319986, 3.6019818561]
[1.8697105263, 2.4196717605, 4.4078787894]
[1.4095052516, 2.9179353661, 5.8643094509]
[0.6244462248, 2.141864503, 4.7017023646]
[0.818522382, 1.8244357542, 4.288260742]
[0.3863419954, 1.5145505995, 4.3542801019]
[-0.5591506333, 0.4427298756, 3.9500731613]
[-0.759750486, 0.5650099111, 4.8997187501]
[-1.6055612894, 0.5067548975, 5.0779571727]
[-2.2264782098, -0.2908366466, 3.9172045081]
[-1.6669030264, -0.0994634404, 3.5736390506]
[-1.6847379909, -0.6374456049, 2.9337127705]
[-1.6319904128, -1.5088808442, 2.7465159838]
[-0.9463401706, -1.0873394711, 3.7050915849]
[-1.3026384434, -1.5152121668, 4.3881095117]
[-1.1979250709, -2.0564864853, 4.1359338825]
[-0.7898992211, -1.7928168141, 4.1885788426]
[-1.2080994922, -2.5646576131, 3.8850344223]
[-0.6206534934, -2.4783395713, 3.1749439263]
[-0.3300322202, -1.6166417768, 4.4276415494]
[-0.8443623755, -1.4765668038, 5.4030480059]
[-1.0182036523, -0.2537534282, 4.7842037329]
[-1.7229902997, 0.9023662397, 5.2294180886]
[-2.4063234902, 1.2452912408, 4.3818568393]
[-2.6594414743, 2.3561303387, 3.1086124532]
[-3.4241958049, 2.8054236282, 4.8733648585]
[-3.6695307178, 2.4973445621, 5.2930974256]
[-4.0944700697, 2.943521941, 5.1690127419]
[-4.7540225613, 2.4630890126, 6.5728190584]
[-4.4499946934, 1.5636410468, 5.3021876901]
[-4.0463290454, 1.2763984803, 4.6429365966]
[-3.9765142629, 0.3057870682, 6.1839609557]
[-3.2586663726, -0.1407524573, 5.3139949531]
[-3.0612696275, 0.0803311685, 6.0462142745]
[-3.0922415395, -0.328821198, 6.9395946221]
[-2.878330664, -0.0062892326, 4.5499008126]
[-2.962413019, 0.2580084965, 4.3903371971]
[-2.8877406778, 0.034642907, 4.0840500839]
[-2.793305685, 0.6996868903, 2.8645221583]
[-3.1048423647, 0.9215496837, 4.6909527702]
[-3.0082551528, 0.7273831681, 4.3504485532]
[-2.9254865552, 1.0183591999, 3.1025737399]
[-3.011746326, 0.4369653362, 3.6244934509]
[-2.4545580563, -0.3085489937, 2.1256634072]
[-2.405262543, -0.4914086848, 2.6046471328]
[-2.3858086457, -1.272561458, 4.6826096601]
